1 0 24.948
6 24.948 12.474
2 29.819 1
1 37.422 24.948
2 44.079 1
2 59.979 1
5 62.37 12.474
1 74.844 22.869
2 86.339 1
3 97.713 12.474
1 110.19 24.948
2 111 1
2 133.74 1
6 135.13 12.474
1 147.61 27.027
2 153.48 1
2 173.82 1
3 174.64 12.474
1 187.11 27.027
2 200.54 1
2 207.76 1
5 214.14 12.474
2 217.1 1
1 226.61 22.869
2 238.48 1
2 246.12 1
4 249.48 12.474
2 254.9 1
1 261.95 22.869
2 280.06 1
3 284.82 12.474
2 293.72 1
1 297.3 24.948
2 304.98 1
2 313.82 1
4 322.25 12.474
2 326.98 1
1 334.72 27.027
2 353.76 1
5 361.75 12.474
2 366.38 1
1 374.22 24.948
2 384.48 1
4 399.17 12.474
2 403.66 1
1 411.64 27.027
2 428.88 1
2 436.16 1
6 438.67 12.474
1 451.14 22.869
2 457 1
