1 0 24.948
6 24.948 12.474
1 37.422 22.869
2 38.539 1
2 54.579 1
4 60.291 12.474
1 72.765 22.869
2 77.199 1
3 95.634 12.474
2 101.42 1
1 108.11 27.027
2 108.72 1
2 133.72 1
5 135.13 12.474
1 147.61 27.027
2 150.62 1
2 160.4 1
4 174.64 12.474
2 183.18 1
1 187.11 27.027
2 203.68 1
2 212.68 1
3 214.14 12.474
2 223.9 1
1 226.61 27.027
2 237.84 1
2 245.26 1
4 253.64 12.474
1 266.11 24.948
2 268.9 1
2 279.36 1
6 291.06 12.474
2 292.86 1
1 303.53 24.948
2 310.82 1
5 328.48 12.474
2 336.88 1
1 340.96 24.948
2 363.58 1
6 365.9 12.474
1 378.38 22.869
2 390.16 1
5 401.25 12.474
2 410.22 1
1 413.72 24.948
2 421.6 1
2 429.54 1
3 438.67 12.474
2 446.64 1
1 451.14 22.869
2 457 1
