1 0 24.948
3 24.948 12.474
2 31.019 1
1 37.422 22.869
2 40.619 1
2 58.879 1
5 60.291 12.474
1 72.765 22.869
2 81.539 1
6 95.634 12.474
2 99.519 1
1 108.11 24.948
2 120.84 1
5 133.06 12.474
2 136.16 1
1 145.53 22.869
2 160.56 1
4 168.4 12.474
1 180.87 27.027
2 185.4 1
2 201.38 1
3 207.9 12.474
2 214.06 1
1 220.37 27.027
2 240.82 1
4 247.4 12.474
2 249.98 1
2 257.58 1
1 259.88 27.027
2 284.58 1
6 286.9 12.474
1 299.38 24.948
2 311.28 1
5 324.32 12.474
1 336.8 22.869
2 337.68 1
2 345.28 1
2 352.52 1
3 359.67 12.474
1 372.14 24.948
2 378.92 1
6 397.09 12.474
2 397.6 1
1 409.56 27.027
2 415.62 1
2 426.96 1
2 434.26 1
4 436.59 12.474
2 441.26 1
1 449.06 24.948
2 457 1
