1 0 24.948
3 24.948 12.474
2 25.939 1
1 37.422 24.948
2 48.999 1
6 62.37 12.474
2 71.539 1
1 74.844 27.027
2 85.879 1
2 97.339 1
4 101.87 12.474
2 106.4 1
1 114.34 22.869
2 123.7 1
2 131.46 1
5 137.21 12.474
2 139.58 1
1 149.69 24.948
2 159.72 1
3 174.64 12.474
2 182.56 1
1 187.11 22.869
2 207.76 1
6 209.98 12.474
1 222.45 22.869
2 233.64 1
4 245.32 12.474
2 252.84 1
1 257.8 24.948
2 277.78 1
6 282.74 12.474
1 295.22 27.027
2 304.02 1
5 322.25 12.474
2 323.68 1
1 334.72 24.948
2 337.54 1
2 350.7 1
3 359.67 12.474
2 371.54 1
1 372.14 22.869
2 381.5 1
2 392.66 1
5 395.01 12.474
1 407.48 27.027
2 416.7 1
2 431.5 1
4 434.51 12.474
2 440.3 1
1 446.99 27.027
2 457 1
