1 0 24.948
4 24.948 12.474
2 32.599 1
1 37.422 24.948
2 42.999 1
2 59.399 1
6 62.37 12.474
1 74.844 22.869
2 82.399 1
4 97.713 12.474
2 106 1
1 110.19 24.948
2 120.94 1
5 135.13 12.474
2 145.8 1
1 147.61 27.027
2 164.22 1
6 174.64 12.474
2 176.98 1
2 186.22 1
1 187.11 22.869
2 202.6 1
3 209.98 12.474
2 213.6 1
1 222.45 22.869
2 229.18 1
2 238.32 1
5 245.32 12.474
2 247.62 1
1 257.8 27.027
2 265.16 1
2 284.22 1
3 284.82 12.474
1 297.3 22.869
2 308.98 1
4 320.17 12.474
1 332.64 27.027
2 335.82 1
2 350.12 1
3 359.67 12.474
2 369.82 1
1 372.14 24.948
2 386.28 1
6 397.09 12.474
2 407.52 1
1 409.56 24.948
2 425.14 1
2 432.3 1
5 434.51 12.474
1 446.99 27.027
2 457 1
