32.60 1.00 1.0
33.60 1.00 1.0
43.00 1.00 1.0
44.00 1.00 1.0
59.40 1.00 1.0
60.40 1.00 1.0
82.40 1.00 1.0
83.40 1.00 1.0
106.00 1.00 1.0
107.00 1.00 1.0
120.94 1.00 1.0
121.94 1.00 1.0
145.80 1.00 1.0
146.80 1.00 1.0
164.22 1.00 1.0
165.22 1.00 1.0
176.98 1.00 1.0
177.98 1.00 1.0
186.22 1.00 1.0
187.22 1.00 1.0
202.60 1.00 1.0
203.60 1.00 1.0
213.60 1.00 1.0
214.60 1.00 1.0
229.18 1.00 1.0
230.18 1.00 1.0
238.32 1.00 1.0
239.32 1.00 1.0
247.62 1.00 1.0
248.62 1.00 1.0
265.16 1.00 1.0
266.16 1.00 1.0
284.22 1.00 1.0
285.22 1.00 1.0
308.98 1.00 1.0
309.98 1.00 1.0
335.82 1.00 1.0
336.82 1.00 1.0
350.12 1.00 1.0
351.12 1.00 1.0
369.82 1.00 1.0
370.82 1.00 1.0
386.28 1.00 1.0
387.28 1.00 1.0
407.52 1.00 1.0
408.52 1.00 1.0
425.14 1.00 1.0
426.14 1.00 1.0
432.30 1.00 1.0
433.30 1.00 1.0
457.00 1.00 1.0
458.00 1.00 1.0
