31.02 1.00 1.0
32.02 1.00 1.0
40.62 1.00 1.0
41.62 1.00 1.0
58.88 1.00 1.0
59.88 1.00 1.0
81.54 1.00 1.0
82.54 1.00 1.0
99.52 1.00 1.0
100.52 1.00 1.0
120.84 1.00 1.0
121.84 1.00 1.0
136.16 1.00 1.0
137.16 1.00 1.0
160.56 1.00 1.0
161.56 1.00 1.0
185.40 1.00 1.0
186.40 1.00 1.0
201.38 1.00 1.0
202.38 1.00 1.0
214.06 1.00 1.0
215.06 1.00 1.0
240.82 1.00 1.0
241.82 1.00 1.0
249.98 1.00 1.0
250.98 1.00 1.0
257.58 1.00 1.0
258.58 1.00 1.0
284.58 1.00 1.0
285.58 1.00 1.0
311.28 1.00 1.0
312.28 1.00 1.0
337.68 1.00 1.0
338.68 1.00 1.0
345.28 1.00 1.0
346.28 1.00 1.0
352.52 1.00 1.0
353.52 1.00 1.0
378.92 1.00 1.0
379.92 1.00 1.0
397.60 1.00 1.0
398.60 1.00 1.0
415.62 1.00 1.0
416.62 1.00 1.0
426.96 1.00 1.0
427.96 1.00 1.0
434.26 1.00 1.0
435.26 1.00 1.0
441.26 1.00 1.0
442.26 1.00 1.0
457.00 1.00 1.0
458.00 1.00 1.0
