38.68 1.00 1.0
39.68 1.00 1.0
54.58 1.00 1.0
55.58 1.00 1.0
64.90 1.00 1.0
65.90 1.00 1.0
84.26 1.00 1.0
85.26 1.00 1.0
102.54 1.00 1.0
103.54 1.00 1.0
109.56 1.00 1.0
110.56 1.00 1.0
122.94 1.00 1.0
123.94 1.00 1.0
136.14 1.00 1.0
137.14 1.00 1.0
157.42 1.00 1.0
158.42 1.00 1.0
171.94 1.00 1.0
172.94 1.00 1.0
198.92 1.00 1.0
199.92 1.00 1.0
219.54 1.00 1.0
220.54 1.00 1.0
235.26 1.00 1.0
236.26 1.00 1.0
253.36 1.00 1.0
254.36 1.00 1.0
263.28 1.00 1.0
264.28 1.00 1.0
271.08 1.00 1.0
272.08 1.00 1.0
290.56 1.00 1.0
291.56 1.00 1.0
311.36 1.00 1.0
312.36 1.00 1.0
321.68 1.00 1.0
322.68 1.00 1.0
345.76 1.00 1.0
346.76 1.00 1.0
356.94 1.00 1.0
357.94 1.00 1.0
379.76 1.00 1.0
380.76 1.00 1.0
405.96 1.00 1.0
406.96 1.00 1.0
429.64 1.00 1.0
430.64 1.00 1.0
444.28 1.00 1.0
445.28 1.00 1.0
457.00 1.00 1.0
458.00 1.00 1.0
