25.90 1.00 1.0
26.90 1.00 1.0
48.54 1.00 1.0
49.54 1.00 1.0
58.60 1.00 1.0
59.60 1.00 1.0
82.54 1.00 1.0
83.54 1.00 1.0
106.20 1.00 1.0
107.20 1.00 1.0
120.88 1.00 1.0
121.88 1.00 1.0
134.86 1.00 1.0
135.86 1.00 1.0
154.88 1.00 1.0
155.88 1.00 1.0
174.20 1.00 1.0
175.20 1.00 1.0
199.88 1.00 1.0
200.88 1.00 1.0
214.18 1.00 1.0
215.18 1.00 1.0
238.88 1.00 1.0
239.88 1.00 1.0
248.60 1.00 1.0
249.60 1.00 1.0
262.58 1.00 1.0
263.58 1.00 1.0
272.92 1.00 1.0
273.92 1.00 1.0
285.60 1.00 1.0
286.60 1.00 1.0
308.70 1.00 1.0
309.70 1.00 1.0
332.98 1.00 1.0
333.98 1.00 1.0
341.30 1.00 1.0
342.30 1.00 1.0
361.32 1.00 1.0
362.32 1.00 1.0
372.68 1.00 1.0
373.68 1.00 1.0
388.76 1.00 1.0
389.76 1.00 1.0
406.68 1.00 1.0
407.68 1.00 1.0
415.98 1.00 1.0
416.98 1.00 1.0
437.30 1.00 1.0
438.30 1.00 1.0
457.00 1.00 1.0
458.00 1.00 1.0
