41.08 1.00 1.0
42.08 1.00 1.0
59.88 1.00 1.0
60.88 1.00 1.0
70.74 1.00 1.0
71.74 1.00 1.0
95.34 1.00 1.0
96.34 1.00 1.0
116.12 1.00 1.0
117.12 1.00 1.0
133.82 1.00 1.0
134.82 1.00 1.0
157.62 1.00 1.0
158.62 1.00 1.0
167.02 1.00 1.0
168.02 1.00 1.0
176.32 1.00 1.0
177.32 1.00 1.0
197.58 1.00 1.0
198.58 1.00 1.0
223.58 1.00 1.0
224.58 1.00 1.0
236.46 1.00 1.0
237.46 1.00 1.0
252.76 1.00 1.0
253.76 1.00 1.0
265.50 1.00 1.0
266.50 1.00 1.0
280.70 1.00 1.0
281.70 1.00 1.0
290.06 1.00 1.0
291.06 1.00 1.0
298.06 1.00 1.0
299.06 1.00 1.0
322.70 1.00 1.0
323.70 1.00 1.0
332.90 1.00 1.0
333.90 1.00 1.0
357.60 1.00 1.0
358.60 1.00 1.0
368.28 1.00 1.0
369.28 1.00 1.0
381.50 1.00 1.0
382.50 1.00 1.0
402.62 1.00 1.0
403.62 1.00 1.0
425.76 1.00 1.0
426.76 1.00 1.0
433.68 1.00 1.0
434.68 1.00 1.0
457.00 1.00 1.0
458.00 1.00 1.0
