32.88 1.00 1.0
33.88 1.00 1.0
49.56 1.00 1.0
50.56 1.00 1.0
61.40 1.00 1.0
62.40 1.00 1.0
77.52 1.00 1.0
78.52 1.00 1.0
90.92 1.00 1.0
91.92 1.00 1.0
113.08 1.00 1.0
114.08 1.00 1.0
125.38 1.00 1.0
126.38 1.00 1.0
147.08 1.00 1.0
148.08 1.00 1.0
171.88 1.00 1.0
172.88 1.00 1.0
193.58 1.00 1.0
194.58 1.00 1.0
200.68 1.00 1.0
201.68 1.00 1.0
217.52 1.00 1.0
218.52 1.00 1.0
227.98 1.00 1.0
228.98 1.00 1.0
240.28 1.00 1.0
241.28 1.00 1.0
257.44 1.00 1.0
258.44 1.00 1.0
269.34 1.00 1.0
270.34 1.00 1.0
292.88 1.00 1.0
293.88 1.00 1.0
312.42 1.00 1.0
313.42 1.00 1.0
333.02 1.00 1.0
334.02 1.00 1.0
350.34 1.00 1.0
351.34 1.00 1.0
377.24 1.00 1.0
378.24 1.00 1.0
386.44 1.00 1.0
387.44 1.00 1.0
408.54 1.00 1.0
409.54 1.00 1.0
429.62 1.00 1.0
430.62 1.00 1.0
444.08 1.00 1.0
445.08 1.00 1.0
457.00 1.00 1.0
458.00 1.00 1.0
