29.82 1.00 1.0
30.82 1.00 1.0
44.08 1.00 1.0
45.08 1.00 1.0
59.98 1.00 1.0
60.98 1.00 1.0
86.34 1.00 1.0
87.34 1.00 1.0
111.00 1.00 1.0
112.00 1.00 1.0
133.74 1.00 1.0
134.74 1.00 1.0
153.48 1.00 1.0
154.48 1.00 1.0
173.82 1.00 1.0
174.82 1.00 1.0
200.54 1.00 1.0
201.54 1.00 1.0
207.76 1.00 1.0
208.76 1.00 1.0
217.10 1.00 1.0
218.10 1.00 1.0
238.48 1.00 1.0
239.48 1.00 1.0
246.12 1.00 1.0
247.12 1.00 1.0
254.90 1.00 1.0
255.90 1.00 1.0
280.06 1.00 1.0
281.06 1.00 1.0
293.72 1.00 1.0
294.72 1.00 1.0
304.98 1.00 1.0
305.98 1.00 1.0
313.82 1.00 1.0
314.82 1.00 1.0
326.98 1.00 1.0
327.98 1.00 1.0
353.76 1.00 1.0
354.76 1.00 1.0
366.38 1.00 1.0
367.38 1.00 1.0
384.48 1.00 1.0
385.48 1.00 1.0
403.66 1.00 1.0
404.66 1.00 1.0
428.88 1.00 1.0
429.88 1.00 1.0
436.16 1.00 1.0
437.16 1.00 1.0
457.00 1.00 1.0
458.00 1.00 1.0
