32.26 1.00 1.0
33.26 1.00 1.0
40.14 1.00 1.0
41.14 1.00 1.0
59.58 1.00 1.0
60.58 1.00 1.0
85.70 1.00 1.0
86.70 1.00 1.0
107.88 1.00 1.0
108.88 1.00 1.0
116.78 1.00 1.0
117.78 1.00 1.0
126.24 1.00 1.0
127.24 1.00 1.0
143.14 1.00 1.0
144.14 1.00 1.0
160.06 1.00 1.0
161.06 1.00 1.0
185.16 1.00 1.0
186.16 1.00 1.0
202.24 1.00 1.0
203.24 1.00 1.0
212.08 1.00 1.0
213.08 1.00 1.0
226.64 1.00 1.0
227.64 1.00 1.0
247.32 1.00 1.0
248.32 1.00 1.0
270.90 1.00 1.0
271.90 1.00 1.0
287.64 1.00 1.0
288.64 1.00 1.0
314.20 1.00 1.0
315.20 1.00 1.0
338.36 1.00 1.0
339.36 1.00 1.0
360.00 1.00 1.0
361.00 1.00 1.0
384.54 1.00 1.0
385.54 1.00 1.0
396.36 1.00 1.0
397.36 1.00 1.0
409.68 1.00 1.0
410.68 1.00 1.0
426.78 1.00 1.0
427.78 1.00 1.0
434.22 1.00 1.0
435.22 1.00 1.0
446.58 1.00 1.0
447.58 1.00 1.0
457.00 1.00 1.0
458.00 1.00 1.0
