1 0 24.948
3 24.948 12.474
2 32.879 1
1 37.422 22.869
2 49.559 1
5 60.291 12.474
2 61.399 1
1 72.765 24.948
2 77.519 1
2 90.919 1
3 97.713 12.474
1 110.19 24.948
2 113.08 1
2 125.38 1
6 135.13 12.474
2 147.08 1
1 147.61 24.948
2 171.88 1
4 172.56 12.474
1 185.03 27.027
2 193.58 1
2 200.68 1
5 212.06 12.474
2 217.52 1
1 224.53 22.869
2 227.98 1
2 240.28 1
4 247.4 12.474
2 257.44 1
1 259.88 27.027
2 269.34 1
3 286.9 12.474
2 292.88 1
1 299.38 22.869
2 312.42 1
4 322.25 12.474
2 333.02 1
1 334.72 24.948
2 350.34 1
6 359.67 12.474
1 372.14 27.027
2 377.24 1
2 386.44 1
5 399.17 12.474
2 408.54 1
1 411.64 27.027
2 429.62 1
6 438.67 12.474
2 444.08 1
1 451.14 22.869
2 457 1
