1 0 24.948
5 24.948 12.474
2 25.899 1
1 37.422 22.869
2 48.539 1
2 58.599 1
4 60.291 12.474
1 72.765 24.948
2 82.539 1
3 97.713 12.474
2 106.2 1
1 110.19 27.027
2 120.88 1
2 134.86 1
6 137.21 12.474
1 149.69 22.869
2 154.88 1
5 172.56 12.474
2 174.2 1
1 185.03 27.027
2 199.88 1
4 212.06 12.474
2 214.18 1
1 224.53 24.948
2 238.88 1
2 248.6 1
5 249.48 12.474
1 261.95 22.869
2 262.58 1
2 272.92 1
6 284.82 12.474
2 285.6 1
1 297.3 24.948
2 308.7 1
3 322.25 12.474
2 332.98 1
1 334.72 22.869
2 341.3 1
6 357.59 12.474
2 361.32 1
1 370.06 24.948
2 372.68 1
2 388.76 1
3 395.01 12.474
2 406.68 1
1 407.48 27.027
2 415.98 1
4 434.51 12.474
2 437.3 1
1 446.99 27.027
2 457 1
