1 0 24.948
6 24.948 12.474
2 32.259 1
1 37.422 24.948
2 40.139 1
2 59.579 1
3 62.37 12.474
1 74.844 27.027
2 85.699 1
6 101.87 12.474
2 107.88 1
1 114.34 27.027
2 116.78 1
2 126.24 1
5 141.37 12.474
2 143.14 1
1 153.85 27.027
2 160.06 1
6 180.87 12.474
2 185.16 1
1 193.35 22.869
2 202.24 1
2 212.08 1
5 216.22 12.474
2 226.64 1
1 228.69 22.869
2 247.32 1
3 251.56 12.474
1 264.03 24.948
2 270.9 1
2 287.64 1
4 288.98 12.474
1 301.45 24.948
2 314.2 1
5 326.4 12.474
2 338.36 1
1 338.88 22.869
2 360 1
4 361.75 12.474
1 374.22 24.948
2 384.54 1
2 396.36 1
3 399.17 12.474
2 409.68 1
1 411.64 27.027
2 426.78 1
2 434.22 1
4 438.67 12.474
2 446.58 1
1 451.14 22.869
2 457 1
