1 0 24.948
6 24.948 12.474
1 37.422 22.869
2 38.679 1
2 54.579 1
5 60.291 12.474
2 64.899 1
1 72.765 27.027
2 84.259 1
4 99.792 12.474
2 102.54 1
2 109.56 1
1 112.27 27.027
2 122.94 1
2 136.14 1
3 139.29 12.474
1 151.77 22.869
2 157.42 1
2 171.94 1
5 174.64 12.474
1 187.11 22.869
2 198.92 1
6 209.98 12.474
2 219.54 1
1 222.45 22.869
2 235.26 1
3 245.32 12.474
2 253.36 1
1 257.8 27.027
2 263.28 1
2 271.08 1
4 284.82 12.474
2 290.56 1
1 297.3 27.027
2 311.36 1
2 321.68 1
5 324.32 12.474
1 336.8 24.948
2 345.76 1
2 356.94 1
3 361.75 12.474
1 374.22 24.948
2 379.76 1
6 399.17 12.474
2 405.96 1
1 411.64 24.948
2 429.64 1
4 436.59 12.474
2 444.28 1
1 449.06 24.948
2 457 1
