1 0 24.948
6 24.948 12.474
1 37.422 24.948
2 41.079 1
2 59.879 1
4 62.37 12.474
2 70.739 1
1 74.844 24.948
2 95.339 1
3 99.792 12.474
1 112.27 27.027
2 116.12 1
2 133.82 1
5 139.29 12.474
1 151.77 27.027
2 157.62 1
2 167.02 1
2 176.32 1
3 178.79 12.474
1 191.27 27.027
2 197.58 1
4 218.3 12.474
2 223.58 1
1 230.77 22.869
2 236.46 1
2 252.76 1
5 253.64 12.474
2 265.5 1
1 266.11 24.948
2 280.7 1
2 290.06 1
4 291.06 12.474
2 298.06 1
1 303.53 24.948
2 322.7 1
6 328.48 12.474
2 332.9 1
1 340.96 22.869
2 357.6 1
5 363.82 12.474
2 368.28 1
1 376.3 22.869
2 381.5 1
3 399.17 12.474
2 402.62 1
1 411.64 22.869
2 425.76 1
2 433.68 1
6 434.51 12.474
1 446.99 27.027
2 457 1
